# p=3.200000, r=29000
0.000000000000000000e+00 1.000022061374344240e+00 5.000000000000000240e-05
1.010101010101010083e-01 9.999834564924052760e-01 5.000000000000000240e-05
2.020202020202020166e-01 1.000121538559350487e+00 5.000000000000000240e-05
3.030303030303030387e-01 9.999873953935198845e-01 5.000000000000000240e-05
4.040404040404040331e-01 1.000005480492078824e+00 5.000000000000000240e-05
5.050505050505050830e-01 1.000079124055853086e+00 5.000000000000000240e-05
6.060606060606060774e-01 9.999545383797572295e-01 5.000000000000000240e-05
7.070707070707070718e-01 9.982360020144067647e-01 5.000000000000000240e-05
8.080808080808080662e-01 9.982749640085950560e-01 5.000000000000000240e-05
9.090909090909090606e-01 9.982490903494142254e-01 5.000000000000000240e-05
1.010101010101010166e+00 9.999403617693789492e-01 5.000000000000000240e-05
1.111111111111111160e+00 9.999897561744706120e-01 5.000000000000000240e-05
1.212121212121212155e+00 9.999820585526499883e-01 5.000000000000000240e-05
1.313131313131313149e+00 1.000030173580130466e+00 5.000000000000000240e-05
1.414141414141414144e+00 9.999167605735264086e-01 5.000000000000000240e-05
1.515151515151515138e+00 9.999649910481155368e-01 5.000000000000000240e-05
1.616161616161616132e+00 1.000057569550474312e+00 5.000000000000000240e-05
1.717171717171717127e+00 1.000092866550361670e+00 5.000000000000000240e-05
1.818181818181818121e+00 9.999244410221155288e-01 5.000000000000000240e-05
1.919191919191919116e+00 1.000032242375544556e+00 5.000000000000000240e-05
2.020202020202020332e+00 9.999509696057390373e-01 5.000000000000000240e-05
2.121212121212121104e+00 9.999571573422642023e-01 5.000000000000000240e-05
2.222222222222222321e+00 9.999564060408372423e-01 5.000000000000000240e-05
2.323232323232323093e+00 9.999788746035418452e-01 5.000000000000000240e-05
2.424242424242424310e+00 1.000049821991345622e+00 5.000000000000000240e-05
2.525252525252525082e+00 1.000035621063543934e+00 5.000000000000000240e-05
2.626262626262626299e+00 1.000002957212160926e+00 5.000000000000000240e-05
2.727272727272727071e+00 9.999818344560759131e-01 5.000000000000000240e-05
2.828282828282828287e+00 1.000000164442146788e+00 5.000000000000000240e-05
2.929292929292929060e+00 9.999947034778970956e-01 5.000000000000000240e-05
3.030303030303030276e+00 1.000039652665973167e+00 5.000000000000000240e-05
3.131313131313131048e+00 9.999684214185103892e-01 5.000000000000000240e-05
3.232323232323232265e+00 9.999996902545756905e-01 5.000000000000000240e-05
3.333333333333333481e+00 9.999949466194095749e-01 5.000000000000000240e-05
3.434343434343434254e+00 9.999973845924574611e-01 5.000000000000000240e-05
3.535353535353535470e+00 1.000012460882928167e+00 5.000000000000000240e-05
3.636363636363636243e+00 1.000009883004552069e+00 5.000000000000000240e-05
3.737373737373737459e+00 1.000066742428712185e+00 5.000000000000000240e-05
3.838383838383838231e+00 9.999956562196861132e-01 5.000000000000000240e-05
3.939393939393939448e+00 9.983436604619756460e-01 5.000000000000000240e-05
4.040404040404040664e+00 9.982502911962448655e-01 5.000000000000000240e-05
4.141414141414140992e+00 9.982416972764392993e-01 5.000000000000000240e-05
4.242424242424242209e+00 1.000005036909437539e+00 5.000000000000000240e-05
4.343434343434343425e+00 1.000017771923617405e+00 5.000000000000000240e-05
4.444444444444444642e+00 1.000013480620322248e+00 5.000000000000000240e-05
4.545454545454544970e+00 1.000064598169169372e+00 5.000000000000000240e-05
4.646464646464646187e+00 1.000056967148941212e+00 5.000000000000000240e-05
4.747474747474747403e+00 1.000024722019906109e+00 5.000000000000000240e-05
4.848484848484848619e+00 9.999831831870431564e-01 5.000000000000000240e-05
4.949494949494949836e+00 9.999949692826846093e-01 5.000000000000000240e-05
5.050505050505050164e+00 1.000070669900896103e+00 5.000000000000000240e-05
5.151515151515151381e+00 1.000011062706142484e+00 5.000000000000000240e-05
5.252525252525252597e+00 9.999344613433309714e-01 5.000000000000000240e-05
5.353535353535353813e+00 9.999655217383975891e-01 5.000000000000000240e-05
5.454545454545454142e+00 9.999711243383384573e-01 5.000000000000000240e-05
5.555555555555555358e+00 1.000057610238518802e+00 5.000000000000000240e-05
5.656565656565656575e+00 9.999946418007588100e-01 5.000000000000000240e-05
5.757575757575757791e+00 1.000113005338685968e+00 5.000000000000000240e-05
5.858585858585858119e+00 1.000032830973512921e+00 5.000000000000000240e-05
5.959595959595959336e+00 1.000006240341266617e+00 5.000000000000000240e-05
6.060606060606060552e+00 9.999782148040485819e-01 5.000000000000000240e-05
6.161616161616161769e+00 1.000048608965483865e+00 5.000000000000000240e-05
6.262626262626262097e+00 9.999879644428868453e-01 5.000000000000000240e-05
6.363636363636363313e+00 9.999587938273291066e-01 5.000000000000000240e-05
6.464646464646464530e+00 1.000028406635886435e+00 5.000000000000000240e-05
6.565656565656565746e+00 1.000000637915835267e+00 5.000000000000000240e-05
6.666666666666666963e+00 1.000059453036291179e+00 5.000000000000000240e-05
6.767676767676767291e+00 9.999963203340626050e-01 5.000000000000000240e-05
6.868686868686868507e+00 9.998570156016688415e-01 5.000000000000000240e-05
6.969696969696969724e+00 1.000039468320208957e+00 5.000000000000000240e-05
7.070707070707070940e+00 9.981716968031059123e-01 5.000000000000000240e-05
7.171717171717171269e+00 9.983425216545737113e-01 5.000000000000000240e-05
7.272727272727272485e+00 9.983566520842324099e-01 5.000000000000000240e-05
7.373737373737373701e+00 9.999786484307047196e-01 5.000000000000000240e-05
7.474747474747474918e+00 9.999417649044942680e-01 5.000000000000000240e-05
7.575757575757575246e+00 9.999301462987666422e-01 5.000000000000000240e-05
7.676767676767676463e+00 1.000043632731062671e+00 5.000000000000000240e-05
7.777777777777777679e+00 9.999898940911189360e-01 5.000000000000000240e-05
7.878787878787878896e+00 9.999700820033289306e-01 5.000000000000000240e-05
7.979797979797979224e+00 9.999878290149376570e-01 5.000000000000000240e-05
8.080808080808081328e+00 1.000104425734379854e+00 5.000000000000000240e-05
8.181818181818181657e+00 1.000017345966354387e+00 5.000000000000000240e-05
8.282828282828281985e+00 1.000037286347501553e+00 5.000000000000000240e-05
8.383838383838384090e+00 1.000038845379556118e+00 5.000000000000000240e-05
8.484848484848484418e+00 1.000050921056659492e+00 5.000000000000000240e-05
8.585858585858586522e+00 1.000053067571934351e+00 5.000000000000000240e-05
8.686868686868686851e+00 9.999644766776502047e-01 5.000000000000000240e-05
8.787878787878787179e+00 9.999892406098788156e-01 5.000000000000000240e-05
8.888888888888889284e+00 9.999619619845702134e-01 5.000000000000000240e-05
8.989898989898989612e+00 9.999644418385847944e-01 5.000000000000000240e-05
9.090909090909089940e+00 1.000057075386871830e+00 5.000000000000000240e-05
9.191919191919192045e+00 9.999749122226402331e-01 5.000000000000000240e-05
9.292929292929292373e+00 9.999960424319408459e-01 5.000000000000000240e-05
9.393939393939394478e+00 9.999653586828997076e-01 5.000000000000000240e-05
9.494949494949494806e+00 9.999703298614478486e-01 5.000000000000000240e-05
9.595959595959595134e+00 1.000039411897176933e+00 5.000000000000000240e-05
9.696969696969697239e+00 9.999777285004251004e-01 5.000000000000000240e-05
9.797979797979797567e+00 9.999758939906646660e-01 5.000000000000000240e-05
9.898989898989899672e+00 1.000024677883047497e+00 5.000000000000000240e-05
1.000000000000000000e+01 1.000025024366374859e+00 5.000000000000000240e-05
